TYPE: TOPSTPTW
NODES: 200
TOURS: 4
T_MAX: 3690
ID X Y PROFIT BETA windowStart windowEnd
1 1357 1905 0 0 0 3690
2 2650 802 42 0.003200 1579 2579
3 1774 107 91 0.000725 1189 2537
4 1307 964 31 0.002975 1024 2401
5 3806 746 62 0.003200 106 2254
6 2687 1353 90 0.000500 34 43
7 43 1957 30 0.000500 621 1741
8 3092 1668 90 0.000500 1525 2014
9 185 1542 27 0.002075 1526 2415
10 834 629 33 0.001175 1137 3579
11 40 462 62 0.000950 774 1794
12 1183 1391 64 0.003650 841 3236
13 2048 1628 86 0.004100 344 2160
14 1097 643 40 0.000500 912 2501
15 1838 1732 70 0.002750 348 2037
16 234 1118 12 0.003200 1592 1929
17 3314 1881 75 0.003875 1160 2485
18 737 1285 52 0.000950 252 1865
19 779 777 36 0.004100 1527 1906
20 2312 1949 41 0.000725 1433 2707
21 2576 189 75 0.001625 826 849
22 3078 1541 39 0.004775 639 2528
23 2781 478 29 0.004775 301 2061
24 705 1812 97 0.004325 1290 1364
25 3409 1917 26 0.001850 1250 2242
26 323 1714 67 0.004325 549 978
27 1660 1556 76 0.004100 140 1390
28 3729 1188 67 0.004325 1823 3011
29 693 1383 16 0.004100 359 1620
30 2361 640 41 0.000725 346 1972
31 2433 1538 21 0.002975 366 1967
32 554 1825 49 0.004775 1624 3191
33 913 317 70 0.002750 1369 1514
34 3586 1909 15 0.003875 1319 2284
35 2636 727 43 0.001175 920 1985
36 1000 457 27 0.004325 916 2756
37 482 1337 29 0.004775 796 2994
38 3704 1082 26 0.001850 1252 2148
39 3635 1174 49 0.002525 315 1252
40 1362 1526 18 0.002300 646 2568
41 2049 417 46 0.001850 1682 2892
42 2552 1909 61 0.000725 1400 3564
43 3939 640 89 0.004775 1229 2272
44 219 898 47 0.004325 158 1263
45 812 351 93 0.001175 481 2618
46 901 1552 33 0.003425 1760 2383
47 2513 1572 45 0.001625 1018 2843
48 242 584 26 0.001850 1625 2612
49 826 1226 82 0.003200 297 2567
50 3278 799 37 0.004325 1705 2569
51 86 1065 81 0.002975 1178 2003
52 14 454 28 0.002300 112 2478
53 1327 1893 80 0.000500 3 438
54 2773 1286 19 0.004775 1545 2671
55 2469 1838 87 0.002075 205 254
56 3835 963 38 0.004550 949 1038
57 1031 428 29 0.004775 649 2747
58 3853 1712 85 0.001625 944 1890
59 1868 197 95 0.001625 570 2572
60 1544 863 77 0.002075 771 2986
61 457 1607 94 0.001400 1547 2954
62 3174 1064 18 0.004550 663 1160
63 192 1004 36 0.004100 1389 1814
64 2318 1925 23 0.001175 1316 3005
65 2232 1374 16 0.001850 569 3005
66 396 828 64 0.001400 144 2214
67 2365 1649 64 0.003650 297 1862
68 2499 658 17 0.004325 1746 2636
69 1410 307 17 0.004325 1020 3386
70 2990 214 64 0.001400 1568 3476
71 3646 1018 84 0.001400 334 1220
72 3394 1028 22 0.000950 853 957
73 1779 90 79 0.002525 11 1243
74 1058 372 90 0.002750 109 1249
75 2933 1459 82 0.003200 697 1982
76 3099 173 42 0.003200 1045 2239
77 2178 978 16 0.004100 156 1262
78 138 1610 48 0.002300 479 2730
79 2082 1753 65 0.003875 836 1185
80 2302 1127 19 0.002525 1676 2894
81 805 272 97 0.004325 128 2411
82 22 1617 29 0.004775 864 2135
83 3213 1085 78 0.004550 131 1597
84 99 536 15 0.003875 305 1581
85 1533 1780 83 0.003425 634 2003
86 3564 676 20 0.000500 1596 2198
87 29 6 45 0.003875 1444 3227
88 3808 1375 63 0.001175 37 474
89 2221 291 92 0.003200 1580 2779
90 3499 1885 84 0.001400 958 2111
91 3124 408 32 0.003200 249 339
92 781 671 22 0.003200 826 2435
93 1027 1041 98 0.002300 1723 2218
94 3249 378 37 0.002075 1457 3160
95 3297 491 18 0.002300 1275 2388
96 213 220 83 0.003425 1750 3195
97 721 186 17 0.002075 1374 2544
98 3736 1542 68 0.004550 146 652
99 868 731 79 0.004775 686 1930
100 960 303 13 0.001175 321 2377
101 1380 939 79 0.004775 768 1286
102 2848 96 74 0.001400 1107 2378
103 3510 1671 61 0.000725 1521 3444
104 457 334 81 0.002975 1470 3423
105 3888 666 64 0.003650 239 1775
106 984 965 69 0.002525 41 1939
107 2721 1482 73 0.001175 1345 2919
108 1286 525 21 0.002975 359 1566
109 2716 1432 18 0.002300 1430 1807
110 738 1325 93 0.001175 1575 3049
111 1251 1832 33 0.001175 178 2485
112 2728 1698 26 0.001850 75 2231
113 3815 169 34 0.001400 1816 2474
114 3683 1533 96 0.004100 1721 3109
115 1247 1945 52 0.003200 552 1471
116 123 862 95 0.001625 1604 3321
117 1234 1946 40 0.000500 931 1159
118 252 1240 62 0.003200 1622 2652
119 611 673 34 0.001400 529 1869
120 2576 1676 32 0.003200 351 2224
121 928 1700 28 0.002300 664 2465
122 53 857 20 0.002750 1679 2353
123 1807 1711 18 0.004550 47 411
124 274 1420 84 0.003650 1559 1590
125 2574 946 20 0.000500 1563 3653
126 178 24 32 0.000950 1783 2543
127 2678 1825 13 0.001175 1723 2806
128 1795 962 67 0.004325 1523 3343
129 3384 1498 32 0.000950 1480 2643
130 3520 1079 19 0.004775 1714 2518
131 1256 61 67 0.004325 400 1171
132 1424 1728 12 0.003200 606 2473
133 3913 192 65 0.001625 325 2581
134 3085 1528 33 0.003425 1516 2021
135 2573 1969 52 0.000950 223 1376
136 463 1670 73 0.003425 1729 3175
137 3875 598 73 0.003425 1117 1881
138 298 1513 21 0.002975 1099 1513
139 3479 821 80 0.000500 1286 2288
140 2542 236 88 0.004550 914 1535
141 3955 1743 38 0.004550 1503 1596
142 1323 280 83 0.001175 1077 3178
143 3447 1830 67 0.004325 1430 1735
144 2936 337 43 0.003425 862 2736
145 1621 1830 41 0.002975 223 557
146 3373 1646 79 0.004775 1002 3357
147 1393 1368 71 0.000725 889 2568
148 3874 1318 72 0.003200 534 2699
149 938 955 13 0.003425 1171 3584
150 3022 474 86 0.004100 834 1709
151 2482 1183 75 0.001625 921 1644
152 3854 923 17 0.004325 1426 1939
153 376 825 41 0.000725 1263 3395
154 2519 135 54 0.003650 1831 3204
155 2945 1622 77 0.002075 853 2647
156 953 268 61 0.000725 1686 2406
157 2628 1479 67 0.002075 1528 3112
158 2097 981 28 0.004550 1278 1988
159 890 1846 46 0.004100 1481 2561
160 2139 1806 85 0.001625 1672 2920
161 2421 1007 18 0.002300 1355 3348
162 2290 1810 60 0.000500 1261 3594
163 1115 1052 17 0.002075 171 807
164 2588 302 20 0.002750 1107 3377
165 327 265 62 0.003200 1584 3133
166 241 341 52 0.000950 945 2519
167 1917 687 94 0.001400 553 2312
168 2991 792 13 0.001175 154 947
169 2573 599 32 0.003200 820 1602
170 19 674 73 0.003425 1554 3418
171 3911 1673 14 0.001400 1100 1645
172 872 1559 11 0.002975 545 2004
173 2863 558 11 0.000725 191 693
174 929 1766 95 0.003875 594 2301
175 839 620 29 0.004775 1760 3008
176 3893 102 45 0.003875 1727 2883
177 2178 1619 27 0.004325 1262 3308
178 3822 899 51 0.000725 931 1308
179 378 1048 86 0.001850 164 990
180 1178 100 28 0.004550 1167 2151
181 2599 901 90 0.000500 1374 3560
182 3416 143 59 0.004775 58 2105
183 2961 1605 76 0.001850 927 1092
184 611 1384 25 0.003875 1834 2987
185 3113 885 48 0.004550 106 426
186 2597 1830 27 0.002075 1729 2613
187 2586 1286 12 0.003200 486 993
188 161 906 87 0.002075 1086 2156
189 1429 134 43 0.001175 1000 1743
190 742 1025 67 0.002075 1796 2639
191 1625 1651 46 0.004100 1282 3554
192 1187 706 13 0.003425 1239 1963
193 1787 1009 16 0.004100 317 1588
194 22 987 29 0.002525 1157 2418
195 3640 43 93 0.001175 918 2187
196 3756 882 58 0.004550 607 2459
197 776 392 98 0.002300 42 444
198 1724 1642 46 0.001850 804 2779
199 198 1810 38 0.002300 61 713
200 3950 1558 28 0.002300 1037 1996
