TYPE: TOPSTPTW
NODES: 150
TOURS: 3
T_MAX: 4927
ID X Y PROFIT BETA windowStart windowEnd
1 3140 1401 0 0 0 4927
2 556 1056 92 0.003200 718 2502
3 3675 1522 77 0.004325 1482 2272
4 1182 1853 75 0.003875 597 1189
5 3595 111 26 0.001850 2451 2670
6 962 1895 77 0.004325 1427 1979
7 2030 1186 76 0.004100 1718 3693
8 3507 1851 58 0.004550 1182 2138
9 2642 1269 51 0.002975 436 2872
10 3438 901 29 0.004775 651 1102
11 3858 1472 30 0.002750 1020 1899
12 2937 1568 15 0.001625 695 2348
13 376 1018 54 0.003650 2171 3818
14 839 1355 44 0.003650 744 1328
15 706 1925 31 0.002975 2163 2238
16 749 920 59 0.002525 738 2951
17 298 615 23 0.003425 1675 2991
18 694 552 86 0.001850 798 2511
19 387 190 47 0.004325 371 663
20 2801 695 86 0.004100 2327 3605
21 3133 1143 56 0.004100 96 1419
22 1517 266 83 0.001175 1185 2798
23 1538 224 62 0.000950 1593 3187
24 844 520 24 0.001400 376 2833
25 2639 1239 18 0.004550 554 1078
26 3123 217 20 0.000500 432 713
27 2489 1520 59 0.002525 90 1274
28 3834 1827 91 0.000725 1459 3163
29 3417 1808 15 0.001625 1339 2831
30 2938 543 71 0.000725 669 2359
31 71 1323 54 0.003650 1043 3791
32 3245 1828 43 0.003425 1426 1826
33 731 1741 52 0.003200 1986 4471
34 2312 1270 82 0.000950 944 2409
35 2426 1851 57 0.004325 1360 2085
36 380 478 58 0.004550 2314 3460
37 2310 635 75 0.001625 587 1017
38 2830 775 15 0.001625 878 2807
39 3829 513 32 0.000950 1484 1951
40 3684 445 89 0.002525 1712 4027
41 171 514 65 0.001625 33 682
42 627 1261 98 0.002300 1519 4279
43 1490 1123 13 0.003425 1945 2048
44 61 81 62 0.000950 2420 2643
45 422 542 74 0.001400 1208 2098
46 2698 1221 59 0.004775 2050 2320
47 2372 127 79 0.004775 1467 2197
48 177 1390 47 0.002075 2328 4655
49 3084 748 62 0.003200 2019 3204
50 1213 910 63 0.001175 2347 2799
51 3 1817 30 0.000500 344 1749
52 1782 995 87 0.004325 1558 1830
53 3896 742 58 0.004550 2237 4211
54 1829 812 41 0.000725 1084 2393
55 1286 550 46 0.004100 17 69
56 3017 108 75 0.001625 1091 1364
57 2132 1432 64 0.001400 2262 3314
58 2000 1110 60 0.002750 1312 3148
59 3317 1966 73 0.001175 649 2996
60 1729 1498 87 0.002075 666 3745
61 2408 1747 25 0.003875 2037 2038
62 3292 152 34 0.001400 274 2170
63 193 1210 63 0.001175 1212 3397
64 782 1462 94 0.001400 854 2764
65 2503 352 75 0.003875 1530 1585
66 1697 1924 31 0.000725 192 3470
67 3821 147 18 0.002300 1171 3657
68 3370 791 31 0.000725 1540 3801
69 3162 367 29 0.002525 974 2978
70 3938 516 54 0.003650 2345 3813
71 2741 1583 14 0.001400 1655 4150
72 2330 741 21 0.002975 2397 4747
73 3918 1088 66 0.001850 247 2015
74 1794 1589 63 0.001175 1146 3251
75 2929 485 94 0.003650 707 3856
76 3453 1998 61 0.002975 2224 3510
77 896 705 81 0.000725 2077 4761
78 399 850 89 0.002525 376 3132
79 2614 195 29 0.002525 322 3436
80 2800 653 43 0.003425 420 1381
81 2630 20 50 0.002750 974 1940
82 563 1513 16 0.004100 1795 4918
83 1090 1652 52 0.000950 1419 3337
84 2009 1163 32 0.003200 906 2767
85 3876 1165 11 0.000725 819 3527
86 3084 774 88 0.004550 1899 2353
87 1526 1612 88 0.004550 1665 3149
88 1612 328 60 0.000500 434 1274
89 1423 1322 55 0.001625 2289 3385
90 3058 1276 24 0.003650 206 1585
91 3782 1865 77 0.002075 846 2986
92 347 252 69 0.004775 1317 4437
93 3904 1444 48 0.002300 363 3059
94 2191 1579 90 0.002750 1667 3861
95 3220 1454 94 0.003650 499 2171
96 468 319 77 0.002075 1034 4196
97 3611 1968 99 0.004775 389 416
98 3114 1629 73 0.001175 1757 4720
99 3515 1892 17 0.002075 2446 3337
100 3060 155 75 0.003875 65 145
101 2995 264 29 0.004775 603 865
102 202 233 85 0.003875 1858 2790
103 981 848 39 0.002525 1951 3731
104 1346 408 54 0.003650 103 1739
105 781 670 21 0.002975 1090 1318
106 1009 1001 40 0.002750 583 2401
107 2927 1777 34 0.001400 58 1076
108 2982 949 71 0.002975 145 1192
109 555 1121 66 0.004100 616 1277
110 464 1302 66 0.001850 1653 4263
111 3452 637 49 0.002525 134 697
112 571 1982 43 0.003425 1804 3502
113 2656 128 94 0.001400 1543 3801
114 1623 1723 26 0.001850 1856 4115
115 2067 694 71 0.000725 852 2556
116 1725 927 52 0.003200 591 2030
117 3600 459 19 0.004775 1101 2100
118 1109 1196 65 0.001625 2177 2982
119 366 339 85 0.001625 1033 3147
120 778 1282 90 0.000500 1957 2149
121 386 1616 32 0.000950 1057 2936
122 3918 1217 15 0.003875 974 1552
123 3332 1049 71 0.000725 2331 3028
124 2597 349 76 0.001850 1979 4354
125 811 1295 46 0.001850 2461 3226
126 241 1069 60 0.002750 1388 4028
127 2658 360 58 0.004550 685 2553
128 394 1944 98 0.004550 263 2039
129 3786 1862 78 0.002300 70 788
130 264 36 40 0.000500 1110 3958
131 2050 1833 23 0.001175 836 2895
132 3538 125 73 0.001175 88 2386
133 1646 1817 53 0.001175 864 3678
134 2993 624 27 0.004325 1188 3720
135 547 25 42 0.003200 1320 2543
136 3373 1902 65 0.003875 908 1881
137 460 267 17 0.002075 1766 3754
138 3060 781 71 0.000725 1589 4045
139 1828 456 44 0.001400 514 2054
140 1021 962 13 0.001175 2065 3896
141 2347 388 45 0.003875 1642 2639
142 3535 1112 67 0.002075 1890 2546
143 1529 581 50 0.002750 818 2888
144 1203 385 68 0.002300 1229 1986
145 1787 1902 99 0.002525 75 684
146 2740 1101 71 0.000725 188 2509
147 555 1753 68 0.002300 88 1335
148 47 363 60 0.002750 2201 3523
149 3935 540 75 0.003875 656 1425
150 3062 329 71 0.002975 1544 1724
